#usda 1.0
(
    doc = "Blender v3.3.4"
    endTimeCode = 100
    metersPerUnit = 1
    startTimeCode = 1
    timeCodesPerSecond = 24
    upAxis = "Z"
)

def Xform "Suzanne_Model"
{
    matrix4d xformOp:transform.timeSamples = {
        1: ( (0.992448091506958, -0.0011344215599820018, 0.12265997380018234, 0), (0.02572256326675415, 0.9796491861343384, -0.1990622729063034, 0), (-0.11993792653083801, 0.200714111328125, 0.9722802042961121, 0), (0, 0, 2.289738655090332, 1) ),
        2: ( (0.992448091506958, -0.0011344215599820018, 0.12265997380018234, 0), (0.02572256326675415, 0.9796491861343384, -0.1990622729063034, 0), (-0.11993792653083801, 0.200714111328125, 0.9722802042961121, 0), (-1.9532824557446693e-19, 0, 2.2803761959075928, 1) ),
        3: ( (0.992448091506958, -0.0011344216763973236, 0.12265997380018234, 0), (0.02572256326675415, 0.9796491861343384, -0.1990622729063034, 0), (-0.11993792653083801, 0.200714111328125, 0.9722802042961121, 0), (-3.9065649114893386e-19, 0, 2.254011631011963, 1) ),
        4: ( (0.992448091506958, -0.0011344216763973236, 0.12265997380018234, 0), (0.02572256326675415, 0.9796491861343384, -0.1990622729063034, 0), (-0.11993792653083801, 0.200714111328125, 0.9722802042961121, 0), (-5.859847237987037e-19, 0, 2.2106733322143555, 1) ),
        5: ( (0.992448091506958, -0.0011344216763973236, 0.12265997380018234, 0), (0.02572256326675415, 0.9796491861343384, -0.1990622729063034, 0), (-0.11993792653083801, 0.200714111328125, 0.9722802042961121, 0), (-7.813129822978677e-19, 0, 2.150390625, 1) ),
        6: ( (0.992448091506958, -0.0011344217928126454, 0.12265997380018234, 0), (0.02572256326675415, 0.9796491861343384, -0.1990622729063034, 0), (-0.11993792653083801, 0.200714111328125, 0.9722802042961121, 0), (-9.7664129249582e-19, 0, 2.0731921195983887, 1) ),
        7: ( (0.992448091506958, -0.0011344217928126454, 0.12265997380018234, 0), (0.02572256326675415, 0.9796491861343384, -0.1990622729063034, 0), (-0.11993792653083801, 0.200714111328125, 0.9722802042961121, 0), (-1.1719694475974075e-18, 0, 1.9791066646575928, 1) ),
        8: ( (0.992448091506958, -0.0011344217928126454, 0.12265998125076294, 0), (0.0257225651293993, 0.9796491861343384, -0.1990622729063034, 0), (-0.11993793398141861, 0.200714111328125, 0.9722802042961121, 0), (-1.3672977060965715e-18, 0, 1.8681628704071045, 1) ),
        9: ( (0.992448091506958, -0.0011344219092279673, 0.12265998125076294, 0), (0.0257225651293993, 0.9796491861343384, -0.1990622729063034, 0), (-0.11993793398141861, 0.200714111328125, 0.9722802042961121, 0), (-1.5626259645957355e-18, 0, 1.740389347076416, 1) ),
        10: ( (0.992448091506958, -0.0011344219092279673, 0.12265998125076294, 0), (0.0257225651293993, 0.9796491861343384, -0.1990622729063034, 0), (-0.11993793398141861, 0.200714111328125, 0.9722802042961121, 0), (-1.7579542230948995e-18, 0, 1.5958147048950195, 1) ),
        11: ( (0.992448091506958, -0.0011344219092279673, 0.12265998125076294, 0), (0.0257225651293993, 0.9796491861343384, -0.1990622729063034, 0), (-0.11993793398141861, 0.200714111328125, 0.9722802042961121, 0), (-1.95328258499164e-18, 0, 1.4344675540924072, 1) ),
        12: ( (0.992448091506958, -0.001134422025643289, 0.12265998125076294, 0), (0.0257225651293993, 0.9796491861343384, -0.1990622729063034, 0), (-0.11993793398141861, 0.200714111328125, 0.9722802042961121, 0), (-2.1486107400932275e-18, 0, 1.2563765048980713, 1) ),
        13: ( (0.992448091506958, -0.001134422025643289, 0.12265998125076294, 0), (0.0257225651293993, 0.9796491861343384, -0.1990622729063034, 0), (-0.11993793398141861, 0.200714111328125, 0.9722802042961121, 0), (-2.343938895194815e-18, 0, 1.0615696907043457, 1) ),
        14: ( (0.9923958778381348, -0.0007145708659663796, 0.12308487296104431, 0), (0.02585775777697563, 0.9788786172866821, -0.20280034840106964, 0), (-0.12034023553133011, 0.2044409215450287, 0.9714536070823669, 0), (-2.5392672570915555e-18, 0.0012441098224371672, 0.8550523519515991, 1) ),
        15: ( (0.9913080334663391, 0.009237690828740597, 0.1312367469072342, 0), (0.03282760828733444, 0.9486106038093567, -0.314738392829895, 0), (-0.12740002572536469, 0.3163108825683594, 0.9400620460510254, 0), (-0.003845443017780781, 0.03833423927426338, 0.7763976454734802, 1) ),
        16: ( (0.9904013276100159, 0.019773950800299644, 0.13679982721805573, 0), (0.04114868864417076, 0.9026593565940857, -0.428384006023407, 0), (-0.13195449113845825, 0.42990124225616455, 0.8931813836097717, 0), (-0.00767788290977478, 0.07761035859584808, 0.6896272897720337, 1) ),
        17: ( (0.9895978569984436, 0.03078610636293888, 0.14052864909172058, 0), (0.05032384768128395, 0.8410392999649048, -0.5386282801628113, 0), (-0.1347723752260208, 0.5400972962379456, 0.8307414054870605, 0), (-0.01141604594886303, 0.11784808337688446, 0.5901159644126892, 1) ),
        18: ( (0.9881364703178406, 0.03669695183634758, 0.14912956953048706, 0), (0.06155015528202057, 0.7950106859207153, -0.603464663028717, 0), (-0.1407049149274826, 0.6054843664169312, 0.7833203673362732, 0), (-0.014675578102469444, 0.150780588388443, 0.5581414699554443, 1) ),
        19: ( (0.9860994815826416, 0.03954147547483444, 0.16138234734535217, 0), (0.07284847646951675, 0.7700546979904175, -0.6338050365447998, 0), (-0.14933481812477112, 0.6367512941360474, 0.7564700245857239, 0), (-0.019911210983991623, 0.17710739374160767, 0.5731224417686462, 1) ),
        20: ( (0.9839060306549072, 0.04258069768548012, 0.17353904247283936, 0), (0.08366075158119202, 0.7483929395675659, -0.6579580903053284, 0), (-0.15789170563220978, 0.6618873476982117, 0.7327859997749329, 0), (-0.02706213667988777, 0.2006685882806778, 0.5846270322799683, 1) ),
        21: ( (0.9814468622207642, 0.04531161114573479, 0.18630343675613403, 0), (0.09478821605443954, 0.7299631834030151, -0.6768817901611328, 0), (-0.16666525602340698, 0.6819828748703003, 0.7121250629425049, 0), (-0.0352909117937088, 0.2208225131034851, 0.5932877063751221, 1) ),
        22: ( (0.9795570373535156, 0.048717133700847626, 0.19517849385738373, 0), (0.10222015529870987, 0.7150974273681641, -0.6915104389190674, 0), (-0.17326004803180695, 0.6973251104354858, 0.6954988837242126, 0), (-0.04410714656114578, 0.23649175465106964, 0.6023584008216858, 1) ),
        23: ( (0.9795252084732056, 0.05314537137746811, 0.1941801756620407, 0), (0.10145308077335358, 0.7027958035469055, -0.7041202783584595, 0), (-0.17388974130153656, 0.7094036936759949, 0.683014452457428, 0), (-0.05136770009994507, 0.2501777410507202, 0.6066260933876038, 1) ),
        24: ( (0.9797559976577759, 0.05580006167292595, 0.19226165115833282, 0), (0.1001833900809288, 0.694807767868042, -0.7121835947036743, 0), (-0.17332477867603302, 0.7170275449752808, 0.6751518249511719, 0), (-0.05504763498902321, 0.2618718147277832, 0.609936535358429, 1) ),
        25: ( (0.9796584248542786, 0.05690060928463936, 0.19243621826171875, 0), (0.10062555968761444, 0.6903899312019348, -0.7164050936698914, 0), (-0.17361991107463837, 0.7211962938308716, 0.6706206202507019, 0), (-0.056781381368637085, 0.27022695541381836, 0.6118912100791931, 1) ),
        26: ( (0.979386568069458, 0.057041797786951065, 0.193773552775383, 0), (0.10179992020130157, 0.6891811490058899, -0.7174023389816284, 0), (-0.17446701228618622, 0.7223403453826904, 0.6691679358482361, 0), (-0.05790192633867264, 0.27475062012672424, 0.6123695373535156, 1) ),
        27: ( (0.9792662858963013, 0.05682414397597313, 0.1944441944360733, 0), (0.10196737945079803, 0.6911258101463318, -0.7155053019523621, 0), (-0.17504337430000305, 0.720497190952301, 0.6710019707679749, 0), (-0.058719612658023834, 0.27540352940559387, 0.6115044355392456, 1) ),
        28: ( (0.9793619513511658, 0.05615609139204025, 0.19415640830993652, 0), (0.10096915066242218, 0.6962323784828186, -0.7106797695159912, 0), (-0.17508697509765625, 0.7156165242195129, 0.6761934161186218, 0), (-0.058351680636405945, 0.27236950397491455, 0.6092685461044312, 1) ),
        29: ( (0.9795486927032471, 0.05460761487483978, 0.19365541636943817, 0), (0.09961532056331635, 0.7046137452125549, -0.7025640606880188, 0), (-0.17481760680675507, 0.7074867486953735, 0.6847636699676514, 0), (-0.05745076388120651, 0.2658240497112274, 0.605480968952179, 1) ),
        30: ( (0.9798445105552673, 0.051935113966464996, 0.19289249181747437, 0), (0.09801936149597168, 0.7163774371147156, -0.6907934546470642, 0), (-0.17406027019023895, 0.6957773566246033, 0.6968477964401245, 0), (-0.05626963451504707, 0.2560462951660156, 0.5999302268028259, 1) ),
        31: ( (0.9802519679069519, 0.048124317079782486, 0.19180743396282196, 0), (0.09617537260055542, 0.7314831018447876, -0.6750428080558777, 0), (-0.17278987169265747, 0.6801592111587524, 0.7124093770980835, 0), (-0.05481160059571266, 0.2431132048368454, 0.5924010872840881, 1) ),
        32: ( (0.9807722568511963, 0.04318917170166969, 0.19031676650047302, 0), (0.09405369311571121, 0.7498714327812195, -0.6548638939857483, 0), (-0.17099612951278687, 0.6601723432540894, 0.7313910126686096, 0), (-0.05306870490312576, 0.22715789079666138, 0.5825961828231812, 1) ),
        33: ( (0.9814030528068542, 0.0371997207403183, 0.18831950426101685, 0), (0.09161453694105148, 0.7713333368301392, -0.6298028826713562, 0), (-0.16868560016155243, 0.6353433132171631, 0.7535808086395264, 0), (-0.05101941153407097, 0.20818452537059784, 0.570188581943512, 1) ),
        34: ( (0.9821455478668213, 0.030172796919941902, 0.18568702042102814, 0), (0.0888601616024971, 0.7955911755561829, -0.5992816686630249, 0), (-0.16581295430660248, 0.6050820350646973, 0.7787051796913147, 0), (-0.048652831465005875, 0.1862853467464447, 0.5547612309455872, 1) ),
        35: ( (0.9832731485366821, 0.028134066611528397, 0.17995098233222961, 0), (0.08359682559967041, 0.8080738186836243, -0.5831194519996643, 0), (-0.161819189786911, 0.5884090662002563, 0.7922053337097168, 0), (-0.042574841529130936, 0.16461655497550964, 0.5506007075309753, 1) ),
        36: ( (0.9848310947418213, 0.030102897435426712, 0.17088444530963898, 0), (0.07685393840074539, 0.8072884678840637, -0.5851314663887024, 0), (-0.1555671989917755, 0.5893888473510742, 0.7927292585372925, 0), (-0.034577708691358566, 0.1458330750465393, 0.5476917028427124, 1) ),
        37: ( (0.9864481091499329, 0.03132236748933792, 0.16105607151985168, 0), (0.06964392960071564, 0.8088562488555908, -0.5838675498962402, 0), (-0.1485593169927597, 0.5871716141700745, 0.7957133054733276, 0), (-0.027283072471618652, 0.13200591504573822, 0.5477036237716675, 1) ),
        38: ( (0.9881638884544373, 0.03205586597323418, 0.15001504123210907, 0), (0.06214836612343788, 0.8104150891304016, -0.5825504660606384, 0), (-0.1402486115694046, 0.5849785208702087, 0.7988306879997253, 0), (-0.020518267527222633, 0.12233942747116089, 0.5474340915679932, 1) ),
        39: ( (0.9899221658706665, 0.032279521226882935, 0.13788451254367828, 0), (0.05445220321416855, 0.8120529055595398, -0.5810378789901733, 0), (-0.13072514533996582, 0.582690417766571, 0.8021115064620972, 0), (-0.013916905969381332, 0.11688819527626038, 0.5470387935638428, 1) ),
        40: ( (0.9916399121284485, 0.03199788182973862, 0.12500569224357605, 0), (0.04677276685833931, 0.8137477040290833, -0.5793331861495972, 0), (-0.12026052922010422, 0.5803368091583252, 0.8054481148719788, 0), (-0.006857162807136774, 0.11491794139146805, 0.546528160572052, 1) ),
        41: ( (0.9932506680488586, 0.03163639456033707, 0.11158989369869232, 0), (0.0389007031917572, 0.8154987096786499, -0.5774500370025635, 0), (-0.10926985740661621, 0.5778935551643372, 0.8087639808654785, 0), (0.0005745435482822359, 0.11326722800731659, 0.5459005236625671, 1) ),
        42: ( (0.9947400093078613, 0.03130263090133667, 0.09753207862377167, 0), (0.030693097040057182, 0.8173242211341858, -0.5753599405288696, 0), (-0.09772560745477676, 0.5753270983695984, 0.8120642900466919, 0), (0.008336530067026615, 0.11154431849718094, 0.5451385974884033, 1) ),
        43: ( (0.9960892200469971, 0.031004462391138077, 0.08273444324731827, 0), (0.022095823660492897, 0.8192359209060669, -0.5730307698249817, 0), (-0.08554553985595703, 0.5726178884506226, 0.8153470158576965, 0), (0.016482887789607048, 0.10973316431045532, 0.5442219376564026, 1) ),
        44: ( (0.9972734451293945, 0.0307359267026186, 0.06708924472332001, 0), (0.01306330505758524, 0.8212453722953796, -0.5704256296157837, 0), (-0.07262929528951645, 0.569746732711792, 0.8186047077178955, 0), (0.02506081573665142, 0.10782864689826965, 0.5431253910064697, 1) ),
        45: ( (0.9982580542564392, 0.03051622398197651, 0.05049344152212143, 0), (0.0035353191196918488, 0.8233643770217896, -0.5675020813941956, 0), (-0.058892522007226944, 0.566692054271698, 0.8218222260475159, 0), (0.0341348722577095, 0.1058107316493988, 0.5418196320533752, 1) ),
        46: ( (0.9989792108535767, 0.030428042635321617, 0.03338596224784851, 0), (-0.006116194650530815, 0.8233954906463623, -0.5674349665641785, 0), (-0.044755786657333374, 0.5666515231132507, 0.8227410912513733, 0), (0.043412886559963226, 0.10539571195840836, 0.5419290065765381, 1) ),
        47: ( (0.9993990659713745, 0.030450839549303055, 0.016559874638915062, 0), (-0.015672627836465836, 0.8230969905853271, -0.567684531211853, 0), (-0.030916852876544, 0.5670838952064514, 0.8230795860290527, 0), (0.05253564566373825, 0.10570676624774933, 0.5421616435050964, 1) ),
        48: ( (0.999535858631134, 0.030465018004179, -0.00009437891276320443, 0), (-0.02513190545141697, 0.8228012323379517, -0.5677733421325684, 0), (-0.01721956953406334, 0.5675121545791626, 0.8231849074363708, 0), (0.061563581228256226, 0.10598080605268478, 0.5422373414039612, 1) ),
        49: ( (0.9993963241577148, 0.030470777302980423, -0.016688818112015724, 0), (-0.03455759584903717, 0.8225062489509583, -0.5677052736282349, 0), (-0.0035717631690204144, 0.567939281463623, 0.8230627179145813, 0), (0.07055652886629105, 0.10625603795051575, 0.5421673655509949, 1) ),
        50: ( (0.9989796280860901, 0.030468078330159187, -0.03333728387951851, 0), (-0.044014304876327515, 0.8222101926803589, -0.56747967004776, 0), (0.010120238177478313, 0.5683679580688477, 0.822712242603302, 0), (0.07957515865564346, 0.10653191059827805, 0.5419581532478333, 1) ),
        51: ( (0.9982839226722717, 0.03045685775578022, -0.05001534894108772, 0), (-0.053497351706027985, 0.8216941356658936, -0.5674123167991638, 0), (0.02381572313606739, 0.5691143274307251, 0.8219134211540222, 0), (0.08873078227043152, 0.1068778857588768, 0.5417781472206116, 1) ),
        52: ( (0.9974068403244019, 0.030440086498856544, -0.06521517038345337, 0), (-0.06227768957614899, 0.8192090392112732, -0.5701035261154175, 0), (0.03607085347175598, 0.5726866126060486, 0.8189803957939148, 0), (0.09717974066734314, 0.10896214097738266, 0.542985200881958, 1) ),
        53: ( (0.9963869452476501, 0.03013766184449196, -0.07940249890089035, 0), (-0.07033027708530426, 0.816891074180603, -0.5724880695343018, 0), (0.04760973900556564, 0.5760040879249573, 0.8160592317581177, 0), (0.10485788434743881, 0.11117143929004669, 0.5439993143081665, 1) ),
        54: ( (0.9952553510665894, 0.029804443940520287, -0.09262005239725113, 0), (-0.07787135243415833, 0.8147205114364624, -0.5746011734008789, 0), (0.05833378806710243, 0.5790873169898987, 0.8131758570671082, 0), (0.11203020811080933, 0.11324075609445572, 0.5448472499847412, 1) ),
        55: ( (0.9940399527549744, 0.02944963611662388, -0.10496313869953156, 0), (-0.08494863659143448, 0.8126838803291321, -0.5764794945716858, 0), (0.0683247372508049, 0.581960141658783, 0.810342013835907, 0), (0.11875747889280319, 0.11517401039600372, 0.545554518699646, 1) ),
        56: ( (0.9927611947059631, 0.029072443023324013, -0.11653318256139755, 0), (-0.09160852432250977, 0.810766875743866, -0.5781565308570862, 0), (0.0776728168129921, 0.5846468210220337, 0.8075611591339111, 0), (0.12507052719593048, 0.11699084937572479, 0.5461429953575134, 1) ),
        57: ( (0.9914349913597107, 0.028689034283161163, -0.127411350607872, 0), (-0.09790187329053879, 0.8089563846588135, -0.5796592235565186, 0), (0.08644036203622818, 0.5871682167053223, 0.8048363327980042, 0), (0.1310274600982666, 0.1187027245759964, 0.5466302633285522, 1) ),
        58: ( (0.9900721311569214, 0.02828974835574627, -0.13768407702445984, 0), (-0.10386389493942261, 0.8072405457496643, -0.5810120701789856, 0), (0.09470748156309128, 0.5895442366600037, 0.802164614200592, 0), (0.13666263222694397, 0.1203228011727333, 0.5470314025878906, 1) ),
        59: ( (0.9886795878410339, 0.027883119881153107, -0.1474284827709198, 0), (-0.10954099893569946, 0.8056068420410156, -0.5822356343269348, 0), (0.10253486037254333, 0.591793954372406, 0.7995414137840271, 0), (0.14201852679252625, 0.12186244875192642, 0.5473587512969971, 1) ),
        60: ( (0.9872612953186035, 0.027470730245113373, -0.1567179560661316, 0), (-0.11497335135936737, 0.8040438294410706, -0.5833477973937988, 0), (0.10998311638832092, 0.5939350724220276, 0.7969597578048706, 0), (0.14713439345359802, 0.12333278357982635, 0.5476223230361938, 1) ),
        61: ( (0.985818088054657, 0.02705259434878826, -0.1656225472688675, 0), (-0.1201992779970169, 0.8025403618812561, -0.5843638181686401, 0), (0.1171102225780487, 0.595984160900116, 0.7944105267524719, 0), (0.15204711258411407, 0.12474464625120163, 0.5478304028511047, 1) ),
        62: ( (0.9843485951423645, 0.02662794291973114, -0.17420899868011475, 0), (-0.12525567412376404, 0.801085889339447, -0.5852968692779541, 0), (0.1239711195230484, 0.5979568362236023, 0.7918830513954163, 0), (0.15679222345352173, 0.12610840797424316, 0.547989547252655, 1) ),
        63: ( (0.98284912109375, 0.026195472106337547, -0.1825413852930069, 0), (-0.1301785707473755, 0.7996698617935181, -0.5861583352088928, 0), (0.130618155002594, 0.5998682379722595, 0.7893649339675903, 0), (0.16140413284301758, 0.12743404507637024, 0.5481047630310059, 1) ),
        64: ( (0.982244610786438, 0.025880392640829086, -0.18581107258796692, 0), (-0.1318579763174057, 0.7997749447822571, -0.5856394171714783, 0), (0.1334504634141922, 0.5997418165206909, 0.7889871597290039, 0), (0.1651040017604828, 0.12866339087486267, 0.549030601978302, 1) ),
        65: ( (0.9826871156692505, 0.025049764662981033, -0.18357162177562714, 0), (-0.1299007683992386, 0.7996391654014587, -0.5862618684768677, 0), (0.13210533559322357, 0.599958062171936, 0.7890490889549255, 0), (0.16567710041999817, 0.1292351633310318, 0.548116147518158, 1) ),
        66: ( (0.9830065965652466, 0.025129124522209167, -0.18184222280979156, 0), (-0.128867045044899, 0.7999339699745178, -0.5860878229141235, 0), (0.1307338923215866, 0.5995616316795349, 0.7895786762237549, 0), (0.16472101211547852, 0.1289641410112381, 0.5480926036834717, 1) ),
        67: ( (0.9833495020866394, 0.025223571807146072, -0.1799653172492981, 0), (-0.12775346636772156, 0.8002525568008423, -0.5858966708183289, 0), (0.1292392909526825, 0.5991324186325073, 0.7901503443717957, 0), (0.16368359327316284, 0.1286674588918686, 0.5480690598487854, 1) ),
        68: ( (0.9837178587913513, 0.02532637119293213, -0.17792615294456482, 0), (-0.12654563784599304, 0.8005982041358948, -0.5856865644454956, 0), (0.12761403620243073, 0.5986661314964294, 0.7907676696777344, 0), (0.16255906224250793, 0.12834464013576508, 0.5480455160140991, 1) ),
        69: ( (0.9841130375862122, 0.025436412543058395, -0.17571160197257996, 0), (-0.12523479759693146, 0.8009732961654663, -0.5854554176330566, 0), (0.1258484274148941, 0.5981594920158386, 0.7914337515830994, 0), (0.16133718192577362, 0.12799374759197235, 0.548009991645813, 1) ),
        70: ( (0.9845365285873413, 0.025558216497302055, -0.17330490052700043, 0), (-0.12381462007761002, 0.8013800382614136, -0.5852007865905762, 0), (0.12392640113830566, 0.597609281539917, 0.7921524047851562, 0), (0.1600111424922943, 0.12761466205120087, 0.5479745268821716, 1) ),
        71: ( (0.984990119934082, 0.025688618421554565, -0.17068837583065033, 0), (-0.12227199226617813, 0.8018218874931335, -0.584919810295105, 0), (0.12183589488267899, 0.5970106720924377, 0.7929276823997498, 0), (0.15857309103012085, 0.1272028684616089, 0.5479249358177185, 1) ),
        72: ( (0.9854749441146851, 0.025827696546912193, -0.16784538328647614, 0), (-0.12059734761714935, 0.8023014068603516, -0.584609866142273, 0), (0.11956346780061722, 0.5963600873947144, 0.7937626838684082, 0), (0.15700961649417877, 0.1267557591199875, 0.5478753447532654, 1) ),
        73: ( (0.9859923124313354, 0.025974074378609657, -0.16475576162338257, 0), (-0.11877774447202682, 0.8028223514556885, -0.5842671394348145, 0), (0.11709381639957428, 0.5956522226333618, 0.7946618795394897, 0), (0.15530970692634583, 0.1262700855731964, 0.5478119254112244, 1) ),
        74: ( (0.986543595790863, 0.026132220402359962, -0.1613965630531311, 0), (-0.11680354177951813, 0.8033878207206726, -0.5838877558708191, 0), (0.11440575122833252, 0.5948824286460876, 0.7956294417381287, 0), (0.15346401929855347, 0.12574175000190735, 0.5477369427680969, 1) ),
        75: ( (0.9871297478675842, 0.02630012296140194, -0.15774387121200562, 0), (-0.11465943604707718, 0.8040019273757935, -0.5834673047065735, 0), (0.11148110777139664, 0.5940448045730591, 0.7966697812080383, 0), (0.15145952999591827, 0.1251678764820099, 0.5476483702659607, 1) ),
        76: ( (0.9877516031265259, 0.026474719867110252, -0.15377217531204224, 0), (-0.11232854425907135, 0.8046690225601196, -0.583000898361206, 0), (0.10830092430114746, 0.5931330323219299, 0.7977870106697083, 0), (0.14928171038627625, 0.12454302608966827, 0.5475437045097351, 1) ),
        77: ( (0.9884092211723328, 0.02665896713733673, -0.14945422112941742, 0), (-0.10979810357093811, 0.8053932189941406, -0.5824826955795288, 0), (0.10484103858470917, 0.5921410322189331, 0.7989851832389832, 0), (0.1469135880470276, 0.12386467307806015, 0.547420084476471, 1) ),
        78: ( (0.9891027212142944, 0.026858102530241013, -0.14475670456886292, 0), (-0.10705383867025375, 0.8061791658401489, -0.5819060206413269, 0), (0.10107095539569855, 0.591061532497406, 0.8002692461013794, 0), (0.14434409141540527, 0.12312722951173782, 0.5472739934921265, 1) ),
        79: ( (0.9898313879966736, 0.027067076414823532, -0.1396465003490448, 0), (-0.1040736734867096, 0.8070327043533325, -0.5812631845474243, 0), (0.0969661995768547, 0.5898860692977905, 0.8016433119773865, 0), (0.14155416190624237, 0.12232720851898193, 0.5471013188362122, 1) ),
        80: ( (0.9905932545661926, 0.027283282950520515, -0.13409195840358734, 0), (-0.10083894431591034, 0.8079587817192078, -0.5805464386940002, 0), (0.09250156581401825, 0.5886070132255554, 0.8031097054481506, 0), (0.13851667940616608, 0.12145686894655228, 0.5468974709510803, 1) ),
        81: ( (0.9913861155509949, 0.027512626722455025, -0.12804928421974182, 0), (-0.09733107686042786, 0.8089635968208313, -0.5797452926635742, 0), (0.08763688802719116, 0.5872145891189575, 0.8046730756759644, 0), (0.1352187991142273, 0.12051107734441757, 0.5466566681861877, 1) ),
        82: ( (0.9922065138816833, 0.027740759775042534, -0.12147731333971024, 0), (-0.09351732581853867, 0.8100548982620239, -0.5788484811782837, 0), (0.08234559744596481, 0.5856974720954895, 0.806335985660553, 0), (0.1316327154636383, 0.11948583275079727, 0.5463722348213196, 1) ),
        83: ( (0.9930492639541626, 0.027971236035227776, -0.1143273115158081, 0), (-0.08937584608793259, 0.8112393021583557, -0.5778431296348572, 0), (0.07658382505178452, 0.5840448141098022, 0.8081005811691284, 0), (0.1277388483285904, 0.11837190389633179, 0.5460361838340759, 1) ),
        84: ( (0.9939074516296387, 0.028210528194904327, -0.1065463274717331, 0), (-0.08488564193248749, 0.8125242590904236, -0.5767137408256531, 0), (0.0703020766377449, 0.582244336605072, 0.8099685907363892, 0), (0.12351519614458084, 0.11716242879629135, 0.5456390976905823, 1) ),
        85: ( (0.9947711229324341, 0.02845623902976513, -0.09808512032032013, 0), (-0.08002195507287979, 0.8139166831970215, -0.5754442811012268, 0), (0.06345813721418381, 0.5802842974662781, 0.8119379281997681, 0), (0.11892284452915192, 0.11584887653589249, 0.5451703071594238, 1) ),
        86: ( (0.9956287145614624, 0.028696350753307343, -0.08888212591409683, 0), (-0.07474611699581146, 0.8154265880584717, -0.5740143060684204, 0), (0.056004732847213745, 0.5781487226486206, 0.814007043838501, 0), (0.1139337494969368, 0.11442138254642487, 0.5446167588233948, 1) ),
        87: ( (0.9964650273323059, 0.028925452381372452, -0.07887187600135803, 0), (-0.06902427971363068, 0.8170633316040039, -0.572401225566864, 0), (0.047886352986097336, 0.5758218765258789, 0.8161715865135193, 0), (0.10851485282182693, 0.112873874604702, 0.5439630746841431, 1) ),
        88: ( (0.9972609281539917, 0.02913822792470455, -0.06798216700553894, 0), (-0.062820665538311, 0.81883704662323, -0.5705781579017639, 0), (0.03904068470001221, 0.5732859969139099, 0.8184247016906738, 0), (0.10263516753911972, 0.11119240522384644, 0.5431911945343018, 1) ),
        89: ( (0.9979919791221619, 0.029336392879486084, -0.05613699182868004, 0), (-0.05610543116927147, 0.8207578063011169, -0.5685145258903503, 0), (0.02939670905470848, 0.5705225467681885, 0.820755660533905, 0), (0.0962563306093216, 0.10936940461397171, 0.542279839515686, 1) ),
        90: ( (0.9986250400543213, 0.029344679787755013, -0.04343828558921814, 0), (-0.04882889986038208, 0.8221792578697205, -0.5671305060386658, 0), (0.01907179318368435, 0.5684717893600464, 0.8224816918373108, 0), (0.0892278179526329, 0.10766544193029404, 0.5416960120201111, 1) ),
        91: ( (0.9990969300270081, 0.02934822253882885, -0.03072385862469673, 0), (-0.04160722717642784, 0.8223090171813965, -0.5675180554389954, 0), (0.008608859032392502, 0.5682839155197144, 0.8227875232696533, 0), (0.08231508731842041, 0.1075107529759407, 0.5419890284538269, 1) ),
        92: ( (0.9994025230407715, 0.029346870258450508, -0.01825880818068981, 0), (-0.03452429920434952, 0.822516143321991, -0.5676929354667664, 0), (-0.0016418477753177285, 0.5679841637611389, 0.82303786277771, 0), (0.07555428147315979, 0.10731910169124603, 0.5421517491340637, 1) ),
        93: ( (0.9995516538619995, 0.029340920969843864, -0.005964782554656267, 0), (-0.027538394555449486, 0.8227202296257019, -0.5677790641784668, 0), (-0.01175181195139885, 0.5676887631416321, 0.823159396648407, 0), (0.06888877600431442, 0.10712326318025589, 0.5421894788742065, 1) ),
        94: ( (0.9995502829551697, 0.029330547899007797, 0.0062430365942418575, 0), (-0.020601371303200722, 0.8229227662086487, -0.5677796602249146, 0), (-0.021790824830532074, 0.5673956871032715, 0.8231568932533264, 0), (0.06227145344018936, 0.10692927241325378, 0.5422272682189941, 1) ),
        95: ( (0.9993999004364014, 0.029315808787941933, 0.018450485542416573, 0), (-0.013664520345628262, 0.8231251239776611, -0.5676955580711365, 0), (-0.03182951360940933, 0.5671027898788452, 0.8230317831039429, 0), (0.055657513439655304, 0.10673603415489197, 0.5421515703201294, 1) ),
        96: ( (0.9990979433059692, 0.029296627268195152, 0.03074105829000473, 0), (-0.006680450867861509, 0.8233287930488586, -0.5675253868103027, 0), (-0.04193658009171486, 0.5668081045150757, 0.8227818012237549, 0), (0.04899884760379791, 0.10654229670763016, 0.5419996976852417, 1) ),
        97: ( (0.9986374974250793, 0.02927280403673649, 0.04319964349269867, 0), (0.00039901724085211754, 0.8235350847244263, -0.5672652125358582, 0), (-0.05218186601996422, 0.5665095448493958, 0.8224013447761536, 0), (0.04224991798400879, 0.10634449124336243, 0.5417682528495789, 1) ),
        98: ( (0.998032808303833, 0.02942575141787529, 0.05535903945565224, 0), (0.007263876497745514, 0.8227871656417847, -0.5683031678199768, 0), (-0.06227145716547966, 0.5675873160362244, 0.8209548592567444, 0), (0.03566301614046097, 0.10683794319629669, 0.5421786904335022, 1) ),
        99: ( (0.9973676800727844, 0.029596339911222458, 0.06619474291801453, 0), (0.013475436717271805, 0.821347177028656, -0.5702694058418274, 0), (-0.07124675065279007, 0.5696602463722229, 0.8187863230705261, 0), (0.029716869816184044, 0.10821724683046341, 0.543050229549408, 1) ),
        100: ( (0.9966627955436707, 0.029767969623208046, 0.07600759714841843, 0), (0.019122598692774773, 0.8200805187225342, -0.5719285607337952, 0), (-0.07935749739408493, 0.5714733600616455, 0.8167744874954224, 0), (0.024328067898750305, 0.10943083465099335, 0.5437654852867126, 1) ),
    }
    uniform token[] xformOpOrder = ["xformOp:transform"]

    def Mesh "Suzanne"
    {
        int[] faceVertexCounts = [4, 4, 4, 4, 4, 4, 4, 4, 4, 4, 4, 4, 4, 4, 4, 4, 4, 4, 4, 4, 4, 4, 4, 4, 4, 4, 4, 4, 4, 4, 4, 4, 4, 4, 4, 4, 4, 4, 4, 4, 4, 4, 4, 4, 4, 4, 4, 4, 3, 3, 3, 3, 3, 3, 3, 3, 3, 3, 3, 3, 3, 3, 3, 3, 4, 4, 4, 4, 4, 4, 4, 4, 4, 4, 4, 4, 4, 4, 4, 4, 4, 4, 4, 4, 4, 4, 4, 4, 4, 4, 4, 4, 4, 4, 4, 4, 4, 4, 4, 4, 4, 4, 4, 4, 4, 4, 4, 4, 4, 4, 4, 4, 4, 4, 4, 4, 4, 4, 4, 4, 4, 4, 4, 4, 4, 4, 4, 4, 4, 4, 4, 4, 4, 4, 4, 4, 4, 4, 4, 4, 4, 4, 4, 4, 4, 4, 4, 4, 4, 4, 4, 4, 4, 4, 4, 4, 4, 4, 4, 4, 4, 4, 4, 4, 4, 4, 4, 4, 4, 4, 4, 4, 4, 4, 4, 4, 4, 4, 4, 4, 4, 4, 4, 4, 4, 4, 4, 4, 4, 4, 4, 4, 3, 3, 4, 4, 4, 4, 4, 4, 4, 4, 4, 4, 4, 4, 4, 4, 4, 4, 4, 4, 4, 4, 4, 4, 4, 4, 4, 4, 4, 4, 4, 4, 4, 4, 4, 4, 4, 4, 4, 4, 4, 4, 4, 4, 4, 4, 4, 4, 4, 4, 4, 4, 4, 4, 4, 4, 4, 4, 4, 4, 4, 4, 4, 4, 4, 4, 4, 4, 4, 4, 4, 4, 4, 4, 4, 4, 4, 4, 4, 4, 4, 4, 4, 4, 4, 4, 4, 4, 4, 4, 4, 4, 4, 4, 4, 4, 4, 4, 4, 4, 4, 4, 4, 4, 4, 4, 4, 4, 4, 4, 4, 4, 4, 4, 4, 4, 4, 4, 4, 4, 4, 4, 4, 4, 4, 4, 4, 4, 4, 4, 4, 4, 4, 4, 4, 4, 4, 4, 4, 4, 4, 4, 4, 4, 4, 4, 4, 4, 3, 3, 4, 4, 4, 4, 4, 4, 4, 4, 4, 4, 4, 4, 4, 4, 4, 4, 3, 3, 3, 3, 4, 4, 4, 4, 4, 4, 4, 4, 3, 3, 4, 4, 4, 4, 4, 4, 4, 4, 4, 4, 4, 4, 4, 4, 4, 4, 4, 4, 4, 4, 4, 4, 4, 4, 4, 4, 4, 4, 4, 4, 4, 4, 4, 4, 4, 4, 4, 4, 4, 4, 4, 4, 4, 4, 4, 4, 4, 4, 3, 3, 4, 4, 4, 4, 4, 4, 4, 4, 4, 4, 4, 4, 4, 4, 4, 4, 4, 4, 4, 4, 4, 4, 4, 4, 4, 4, 4, 4, 4, 4, 4, 4, 4, 4, 4, 4, 4, 4, 4, 4, 4, 4, 4, 4, 4, 4, 4, 4, 4, 4, 4, 4, 3, 3, 4, 4, 4, 4, 4, 4, 4, 4, 4, 4, 4, 4, 4, 4, 4, 4, 3, 3, 4, 4, 4, 4, 4, 4]
        int[] faceVertexIndices = [46, 0, 2, 44, 3, 1, 47, 45, 44, 2, 4, 42, 5, 3, 45, 43, 2, 8, 6, 4, 7, 9, 3, 5, 0, 10, 8, 2, 9, 11, 1, 3, 10, 12, 14, 8, 15, 13, 11, 9, 8, 14, 16, 6, 17, 15, 9, 7, 14, 20, 18, 16, 19, 21, 15, 17, 12, 22, 20, 14, 21, 23, 13, 15, 22, 24, 26, 20, 27, 25, 23, 21, 20, 26, 28, 18, 29, 27, 21, 19, 26, 32, 30, 28, 31, 33, 27, 29, 24, 34, 32, 26, 33, 35, 25, 27, 34, 36, 38, 32, 39, 37, 35, 33, 32, 38, 40, 30, 41, 39, 33, 31, 38, 44, 42, 40, 43, 45, 39, 41, 36, 46, 44, 38, 45, 47, 37, 39, 46, 36, 50, 48, 51, 37, 47, 49, 36, 34, 52, 50, 53, 35, 37, 51, 34, 24, 54, 52, 55, 25, 35, 53, 24, 22, 56, 54, 57, 23, 25, 55, 22, 12, 58, 56, 59, 13, 23, 57, 12, 10, 62, 58, 63, 11, 13, 59, 10, 0, 64, 62, 65, 1, 11, 63, 0, 46, 48, 64, 49, 47, 1, 65, 60, 64, 48, 49, 65, 61, 62, 64, 60, 61, 65, 63, 60, 58, 62, 63, 59, 61, 60, 56, 58, 59, 57, 61, 60, 54, 56, 57, 55, 61, 60, 52, 54, 55, 53, 61, 60, 50, 52, 53, 51, 61, 60, 48, 50, 51, 49, 61, 88, 173, 175, 90, 175, 174, 89, 90, 86, 171, 173, 88, 174, 172, 87, 89, 84, 169, 171, 86, 172, 170, 85, 87, 82, 167, 169, 84, 170, 168, 83, 85, 80, 165, 167, 82, 168, 166, 81, 83, 78, 91, 145, 163, 146, 92, 79, 164, 91, 93, 147, 145, 148, 94, 92, 146, 93, 95, 149, 147, 150, 96, 94, 148, 95, 97, 151, 149, 152, 98, 96, 150, 97, 99, 153, 151, 154, 100, 98, 152, 99, 101, 155, 153, 156, 102, 100, 154, 101, 103, 157, 155, 158, 104, 102, 156, 103, 105, 159, 157, 160, 106, 104, 158, 105, 107, 161, 159, 162, 108, 106, 160, 107, 66, 67, 161, 67, 66, 108, 162, 109, 127, 159, 161, 160, 128, 110, 162, 127, 178, 157, 159, 158, 179, 128, 160, 125, 155, 157, 178, 158, 156, 126, 179, 123, 153, 155, 125, 156, 154, 124, 126, 121, 151, 153, 123, 154, 152, 122, 124, 119, 149, 151, 121, 152, 150, 120, 122, 117, 147, 149, 119, 150, 148, 118, 120, 115, 145, 147, 117, 148, 146, 116, 118, 113, 163, 145, 115, 146, 164, 114, 116, 113, 180, 176, 163, 176, 181, 114, 164, 109, 161, 67, 111, 67, 162, 110, 112, 111, 67, 177, 182, 177, 67, 112, 183, 176, 180, 182, 177, 183, 181, 176, 177, 134, 136, 175, 173, 175, 136, 135, 174, 132, 134, 173, 171, 174, 135, 133, 172, 130, 132, 171, 169, 172, 133, 131, 170, 165, 186, 184, 167, 185, 187, 166, 168, 130, 169, 167, 184, 168, 170, 131, 185, 143, 189, 188, 186, 188, 189, 144, 187, 184, 186, 188, 68, 188, 187, 185, 68, 129, 130, 184, 68, 185, 131, 129, 68, 141, 192, 190, 143, 191, 193, 142, 144, 139, 194, 192, 141, 193, 195, 140, 142, 138, 196, 194, 139, 195, 197, 138, 140, 137, 70, 196, 138, 197, 70, 137, 138, 189, 143, 190, 69, 191, 144, 189, 69, 69, 190, 205, 207, 206, 191, 69, 207, 70, 198, 199, 196, 200, 198, 70, 197, 196, 199, 201, 194, 202, 200, 197, 195, 194, 201, 203, 192, 204, 202, 195, 193, 192, 203, 205, 190, 206, 204, 193, 191, 198, 203, 201, 199, 202, 204, 198, 200, 198, 207, 205, 203, 206, 207, 198, 204, 138, 139, 163, 176, 164, 140, 138, 176, 139, 141, 210, 163, 211, 142, 140, 164, 141, 143, 212, 210, 213, 144, 142, 211, 143, 186, 165, 212, 166, 187, 144, 213, 80, 208, 212, 165, 213, 209, 81, 166, 208, 214, 210, 212, 211, 215, 209, 213, 78, 163, 210, 214, 211, 164, 79, 215, 130, 129, 71, 221, 71, 129, 131, 222, 132, 130, 221, 219, 222, 131, 133, 220, 134, 132, 219, 217, 220, 133, 135, 218, 136, 134, 217, 216, 218, 135, 136, 216, 216, 217, 228, 230, 229, 218, 216, 230, 217, 219, 226, 228, 227, 220, 218, 229, 219, 221, 224, 226, 225, 222, 220, 227, 221, 71, 223, 224, 223, 71, 222, 225, 223, 230, 228, 224, 229, 230, 223, 225, 224, 228, 226, 227, 229, 225, 182, 180, 233, 231, 234, 181, 183, 232, 111, 182, 231, 253, 232, 183, 112, 254, 109, 111, 253, 255, 254, 112, 110, 256, 180, 113, 251, 233, 252, 114, 181, 234, 113, 115, 249, 251, 250, 116, 114, 252, 115, 117, 247, 249, 248, 118, 116, 250, 117, 119, 245, 247, 246, 120, 118, 248, 119, 121, 243, 245, 244, 122, 120, 246, 121, 123, 241, 243, 242, 124, 122, 244, 123, 125, 239, 241, 240, 126, 124, 242, 125, 178, 235, 239, 236, 179, 126, 240, 178, 127, 237, 235, 238, 128, 179, 236, 127, 109, 255, 237, 256, 110, 128, 238, 237, 255, 257, 275, 258, 256, 238, 276, 235, 237, 275, 277, 276, 238, 236, 278, 239, 235, 277, 273, 278, 236, 240, 274, 241, 239, 273, 271, 274, 240, 242, 272, 243, 241, 271, 269, 272, 242, 244, 270, 245, 243, 269, 267, 270, 244, 246, 268, 247, 245, 267, 265, 268, 246, 248, 266, 249, 247, 265, 263, 266, 248, 250, 264, 251, 249, 263, 261, 264, 250, 252, 262, 233, 251, 261, 279, 262, 252, 234, 280, 255, 253, 259, 257, 260, 254, 256, 258, 253, 231, 281, 259, 282, 232, 254, 260, 231, 233, 279, 281, 280, 234, 232, 282, 66, 107, 283, 72, 284, 108, 66, 72, 107, 105, 285, 283, 286, 106, 108, 284, 105, 103, 287, 285, 288, 104, 106, 286, 103, 101, 289, 287, 290, 102, 104, 288, 101, 99, 291, 289, 292, 100, 102, 290, 99, 97, 293, 291, 294, 98, 100, 292, 97, 95, 295, 293, 296, 96, 98, 294, 95, 93, 297, 295, 298, 94, 96, 296, 93, 91, 299, 297, 300, 92, 94, 298, 307, 308, 327, 337, 328, 308, 307, 338, 306, 307, 337, 335, 338, 307, 306, 336, 305, 306, 335, 339, 336, 306, 305, 340, 88, 90, 305, 339, 305, 90, 89, 340, 86, 88, 339, 333, 340, 89, 87, 334, 84, 86, 333, 329, 334, 87, 85, 330, 82, 84, 329, 331, 330, 85, 83, 332, 329, 335, 337, 331, 338, 336, 330, 332, 329, 333, 339, 335, 340, 334, 330, 336, 325, 331, 337, 327, 338, 332, 326, 328, 80, 82, 331, 325, 332, 83, 81, 326, 208, 341, 343, 214, 344, 342, 209, 215, 80, 325, 341, 208, 342, 326, 81, 209, 78, 214, 343, 345, 344, 215, 79, 346, 78, 345, 299, 91, 300, 346, 79, 92, 76, 323, 351, 303, 352, 324, 76, 303, 303, 351, 349, 77, 350, 352, 303, 77, 77, 349, 347, 304, 348, 350, 77, 304, 304, 347, 327, 308, 328, 348, 304, 308, 325, 327, 347, 341, 348, 328, 326, 342, 295, 297, 317, 309, 318, 298, 296, 310, 75, 315, 323, 76, 324, 316, 75, 76, 301, 357, 355, 302, 356, 358, 301, 302, 302, 355, 353, 74, 354, 356, 302, 74, 74, 353, 315, 75, 316, 354, 74, 75, 291, 293, 361, 363, 362, 294, 292, 364, 363, 361, 367, 365, 368, 362, 364, 366, 365, 367, 369, 371, 370, 368, 366, 372, 371, 369, 375, 373, 376, 370, 372, 374, 313, 377, 373, 375, 374, 378, 314, 376, 315, 353, 373, 377, 374, 354, 316, 378, 353, 355, 371, 373, 372, 356, 354, 374, 355, 357, 365, 371, 366, 358, 356, 372, 357, 359, 363, 365, 364, 360, 358, 366, 289, 291, 363, 359, 364, 292, 290, 360, 73, 359, 357, 301, 358, 360, 73, 301, 283, 285, 287, 289, 288, 286, 284, 290, 283, 289, 359, 73, 360, 290, 284, 73, 72, 283, 73, 73, 284, 72, 293, 295, 309, 361, 310, 296, 294, 362, 309, 311, 367, 361, 368, 312, 310, 362, 311, 381, 369, 367, 370, 382, 312, 368, 313, 375, 369, 381, 370, 376, 314, 382, 347, 349, 385, 383, 386, 350, 348, 384, 317, 383, 385, 319, 386, 384, 318, 320, 297, 299, 383, 317, 384, 300, 298, 318, 299, 343, 341, 383, 342, 344, 300, 384, 341, 347, 383, 384, 348, 342, 299, 345, 343, 344, 346, 300, 313, 321, 379, 377, 380, 322, 314, 378, 315, 377, 379, 323, 380, 378, 316, 324, 319, 385, 379, 321, 380, 386, 320, 322, 349, 351, 379, 385, 380, 352, 350, 386, 323, 379, 351, 352, 380, 324, 399, 387, 413, 401, 414, 388, 400, 402, 399, 401, 403, 397, 404, 402, 400, 398, 397, 403, 405, 395, 406, 404, 398, 396, 395, 405, 407, 393, 408, 406, 396, 394, 393, 407, 409, 391, 410, 408, 394, 392, 391, 409, 411, 389, 412, 410, 392, 390, 409, 419, 417, 411, 418, 420, 410, 412, 407, 421, 419, 409, 420, 422, 408, 410, 405, 423, 421, 407, 422, 424, 406, 408, 403, 425, 423, 405, 424, 426, 404, 406, 401, 427, 425, 403, 426, 428, 402, 404, 401, 413, 415, 427, 416, 414, 402, 428, 317, 319, 443, 441, 444, 320, 318, 442, 319, 389, 411, 443, 412, 390, 320, 444, 309, 317, 441, 311, 442, 318, 310, 312, 381, 429, 413, 387, 414, 430, 382, 388, 411, 417, 439, 443, 440, 418, 412, 444, 437, 445, 443, 439, 444, 446, 438, 440, 433, 445, 437, 435, 438, 446, 434, 436, 431, 447, 445, 433, 446, 448, 432, 434, 429, 447, 431, 449, 432, 448, 430, 450, 413, 429, 449, 415, 450, 430, 414, 416, 311, 447, 429, 381, 430, 448, 312, 382, 311, 441, 445, 447, 446, 442, 312, 448, 441, 443, 445, 446, 444, 442, 415, 449, 451, 475, 452, 450, 416, 476, 449, 431, 461, 451, 462, 432, 450, 452, 431, 433, 459, 461, 460, 434, 432, 462, 433, 435, 457, 459, 458, 436, 434, 460, 435, 437, 455, 457, 456, 438, 436, 458, 437, 439, 453, 455, 454, 440, 438, 456, 439, 417, 473, 453, 474, 418, 440, 454, 427, 415, 475, 463, 476, 416, 428, 464, 425, 427, 463, 465, 464, 428, 426, 466, 423, 425, 465, 467, 466, 426, 424, 468, 421, 423, 467, 469, 468, 424, 422, 470, 419, 421, 469, 471, 470, 422, 420, 472, 417, 419, 471, 473, 472, 420, 418, 474, 457, 455, 479, 477, 480, 456, 458, 478, 477, 479, 481, 483, 482, 480, 478, 484, 483, 481, 487, 485, 488, 482, 484, 486, 485, 487, 489, 491, 490, 488, 486, 492, 463, 475, 485, 491, 486, 476, 464, 492, 451, 483, 485, 475, 486, 484, 452, 476, 451, 461, 477, 483, 478, 462, 452, 484, 457, 477, 461, 459, 462, 478, 458, 460, 453, 473, 479, 455, 480, 474, 454, 456, 471, 481, 479, 473, 480, 482, 472, 474, 469, 487, 481, 471, 482, 488, 470, 472, 467, 489, 487, 469, 488, 490, 468, 470, 465, 491, 489, 467, 490, 492, 466, 468, 463, 491, 465, 466, 492, 464, 391, 389, 503, 501, 504, 390, 392, 502, 393, 391, 501, 499, 502, 392, 394, 500, 395, 393, 499, 497, 500, 394, 396, 498, 397, 395, 497, 495, 498, 396, 398, 496, 399, 397, 495, 493, 496, 398, 400, 494, 387, 399, 493, 505, 494, 400, 388, 506, 493, 501, 503, 505, 504, 502, 494, 506, 493, 495, 499, 501, 500, 496, 494, 502, 495, 497, 499, 500, 498, 496, 313, 381, 387, 505, 388, 382, 314, 506, 313, 505, 503, 321, 504, 506, 314, 322, 319, 321, 503, 389, 504, 322, 320, 390]
